LandisData  "Base Wind"

Timestep 1 

>>Wind Event Parameters
>> landtype	maxSize	meanSize	minSize	rotationPeriod 
28	1000	25	6.25	2500
29	1000	25	6.25	2500
130	1000	25	6.25	2500
131	1000	25	6.25	2500
132	1000	25	6.25	2500
133	1000	25	6.25	2500
134	1000	25	6.25	2500
135	1000	25	6.25	2500
136	1000	25	6.25	2500
137	1000	25	6.25	2500
217	1000	25	6.25	2500
218	1000	25	6.25	2500
219	1000	25	6.25	2500
220	1000	25	6.25	2500
221	1000	25	6.25	2500
222	1000	25	6.25	2500
223	1000	25	6.25	2500
378	1000	25	6.25	2500
379	1000	25	6.25	2500

WindSeverities
>> Severity	AgeClass	Prob 
5	0% to 20%	0.05
4	20% to 50%	0.1
3	50% to 70%	0.5
2	70% to 85%	0.85
1	85% to 100%	0.95

MapNames wind/severity-{timestep}.tif
LogFile wind/log.csv
