LandisData "Dynamic Input Data"

>>	year	landtype	species	probEst	maxANPP	maxB
0	28	ABIE.BAL	0.125	605	4485
0	28	ACER.RUB	0.167	600	3889
0	28	ACER.SAH	0.143	647	5673
0	28	BETU.ALL	0.125	586	4124
0	28	BETU.PAP	0.167	364	2175
0	28	FAGU.GRA	0.125	796	6603
0	28	LARI.LAR	0.167	196	1615
0	28	PICE.GLA	0.1	513	6136
0	28	PICE.MAR	0.071	383	4767
0	28	PICE.RUB	0.091	1099	7757
0	28	PINU.BAN	0.167	682	5517
0	28	PINU.RES	0.143	822	6528
0	28	PINU.STR	0.167	644	5118
0	28	POPU.TRE	0.167	588	4333
0	28	QUER.RUB	0.143	1067	9956
0	28	THUJ.SPP.ALL	0.091	560	4265
0	28	TSUG.CAN	0.091	500	4570
0	29	ABIE.BAL	0.125	740	4510
0	29	ACER.RUB	0.167	570	3785
0	29	ACER.SAH	0.143	620	5270
0	29	BETU.ALL	0.125	536	3902
0	29	BETU.PAP	0.2	333	2130
0	29	FAGU.GRA	0.125	756	6673
0	29	LARI.LAR	0.167	201	1600
0	29	PICE.GLA	0.111	485	6225
0	29	PICE.MAR	0.091	486	4619
0	29	PICE.RUB	0.091	1835	8323
0	29	PINU.BAN	0.167	668	5482
0	29	PINU.RES	0.167	764	6342
0	29	PINU.STR	0.167	621	5098
0	29	POPU.TRE	0.167	581	4290
0	29	QUER.RUB	0.143	937	9556
0	29	THUJ.SPP.ALL	0.091	482	4164
0	29	TSUG.CAN	0.1	454	4483
0	130	ABIE.BAL	0.143	640	4781
0	130	ACER.RUB	0.143	538	3820
0	130	ACER.SAH	0.125	690	5422
0	130	BETU.ALL	0.125	522	3959
0	130	BETU.PAP	0.25	342	2109
0	130	FAGU.GRA	0.111	688	6625
0	130	LARI.LAR	0.2	220	1603
0	130	PICE.GLA	0.111	540	6437
0	130	PICE.MAR	0.091	613	5443
0	130	PICE.RUB	0.1	1594	8148
0	130	PINU.BAN	0.167	723	5624
0	130	PINU.RES	0.143	780	6207
0	130	PINU.STR	0.143	599	5108
0	130	POPU.TRE	0.2	610	4406
0	130	QUER.RUB	0.125	1058	9325
0	130	THUJ.SPP.ALL	0.1	403	3922
0	130	TSUG.CAN	0.091	437	4232
0	131	ABIE.BAL	0.143	772	5058
0	131	ACER.RUB	0.143	576	3814
0	131	ACER.SAH	0.125	676	5588
0	131	BETU.ALL	0.125	596	4046
0	131	BETU.PAP	0.25	382	2206
0	131	FAGU.GRA	0.111	722	6738
0	131	LARI.LAR	0.2	224	1607
0	131	PICE.GLA	0.111	643	6945
0	131	PICE.MAR	0.091	586	5776
0	131	PICE.RUB	0.091	1257	8210
0	131	PINU.BAN	0.2	746	5651
0	131	PINU.RES	0.143	828	6465
0	131	PINU.STR	0.143	660	4954
0	131	POPU.TRE	0.2	716	4497
0	131	QUER.RUB	0.125	1210	9386
0	131	THUJ.SPP.ALL	0.1	431	3878
0	131	TSUG.CAN	0.091	467	4475
0	132	ABIE.BAL	0.143	761	5175
0	132	ACER.RUB	0.143	587	3840
0	132	ACER.SAH	0.125	757	5578
0	132	BETU.ALL	0.125	612	4016
0	132	BETU.PAP	0.25	382	2241
0	132	FAGU.GRA	0.111	720	6587
0	132	LARI.LAR	0.2	219	1716
0	132	PICE.GLA	0.111	630	6738
0	132	PICE.MAR	0.091	544	6038
0	132	PICE.RUB	0.091	1118	8641
0	132	PINU.BAN	0.2	747	5655
0	132	PINU.RES	0.143	844	6532
0	132	PINU.STR	0.143	660	5012
0	132	POPU.TRE	0.2	687	4550
0	132	QUER.RUB	0.125	1270	9759
0	132	THUJ.SPP.ALL	0.1	428	4047
0	132	TSUG.CAN	0.091	492	4511
0	133	ABIE.BAL	0.125	726	5119
0	133	ACER.RUB	0.167	574	3851
0	133	ACER.SAH	0.125	716	5404
0	133	BETU.ALL	0.143	563	3876
0	133	BETU.PAP	0.25	364	2231
0	133	FAGU.GRA	0.125	698	6548
0	133	LARI.LAR	0.2	192	1877
0	133	PICE.GLA	0.111	547	6522
0	133	PICE.MAR	0.091	527	5792
0	133	PICE.RUB	0.1	1106	8804
0	133	PINU.BAN	0.167	742	5593
0	133	PINU.RES	0.143	820	6444
0	133	PINU.STR	0.143	656	5159
0	133	POPU.TRE	0.167	670	4464
0	133	QUER.RUB	0.125	1264	9792
0	133	THUJ.SPP.ALL	0.1	473	4103
0	133	TSUG.CAN	0.091	488	4573
0	134	ABIE.BAL	0.143	622	4909
0	134	ACER.RUB	0.143	533	3760
0	134	ACER.SAH	0.125	637	5311
0	134	BETU.ALL	0.125	514	3907
0	134	BETU.PAP	0.25	334	2160
0	134	FAGU.GRA	0.111	694	6366
0	134	LARI.LAR	0.2	229	1767
0	134	PICE.GLA	0.111	536	6370
0	134	PICE.MAR	0.091	539	5487
0	134	PICE.RUB	0.091	1118	8546
0	134	PINU.BAN	0.167	721	5609
0	134	PINU.RES	0.143	782	6141
0	134	PINU.STR	0.143	594	4991
0	134	POPU.TRE	0.2	611	4432
0	134	QUER.RUB	0.125	1115	9586
0	134	THUJ.SPP.ALL	0.1	452	4128
0	134	TSUG.CAN	0.091	432	4323
0	135	ABIE.BAL	0.143	669	5072
0	135	ACER.RUB	0.143	590	3796
0	135	ACER.SAH	0.125	707	5528
0	135	BETU.ALL	0.125	590	3981
0	135	BETU.PAP	0.25	384	2263
0	135	FAGU.GRA	0.111	722	6367
0	135	LARI.LAR	0.2	223	1819
0	135	PICE.GLA	0.111	664	6587
0	135	PICE.MAR	0.091	583	5922
0	135	PICE.RUB	0.091	1119	8604
0	135	PINU.BAN	0.2	744	5701
0	135	PINU.RES	0.143	829	6385
0	135	PINU.STR	0.143	670	5148
0	135	POPU.TRE	0.2	729	4540
0	135	QUER.RUB	0.125	1158	9532
0	135	THUJ.SPP.ALL	0.1	482	4208
0	135	TSUG.CAN	0.091	475	4388
0	136	ABIE.BAL	0.143	736	4585
0	136	ACER.RUB	0.167	496	3663
0	136	ACER.SAH	0.125	504	5161
0	136	BETU.ALL	0.125	484	3607
0	136	BETU.PAP	0.25	305	2144
0	136	FAGU.GRA	0.111	686	6371
0	136	LARI.LAR	0.2	234	1531
0	136	PICE.GLA	0.111	526	6250
0	136	PICE.MAR	0.091	525	5150
0	136	PICE.RUB	0.091	1532	8210
0	136	PINU.BAN	0.167	696	5562
0	136	PINU.RES	0.143	755	6285
0	136	PINU.STR	0.143	594	4986
0	136	POPU.TRE	0.167	582	4270
0	136	QUER.RUB	0.125	1059	8838
0	136	THUJ.SPP.ALL	0.1	429	4032
0	136	TSUG.CAN	0.091	426	4042
0	137	ABIE.BAL	0.125	640	4930
0	137	ACER.RUB	0.167	549	3860
0	137	ACER.SAH	0.125	660	5289
0	137	BETU.ALL	0.125	630	3907
0	137	BETU.PAP	0.25	362	2218
0	137	FAGU.GRA	0.125	767	6654
0	137	LARI.LAR	0.2	230	1788
0	137	PICE.GLA	0.111	646	6922
0	137	PICE.MAR	0.091	518	5348
0	137	PICE.RUB	0.1	1176	8345
0	137	PINU.BAN	0.167	777	5705
0	137	PINU.RES	0.143	856	6286
0	137	PINU.STR	0.143	694	5302
0	137	POPU.TRE	0.167	705	4499
0	137	QUER.RUB	0.125	1188	9318
0	137	THUJ.SPP.ALL	0.1	504	4393
0	137	TSUG.CAN	0.091	514	4375
0	217	ABIE.BAL	0.143	711	5083
0	217	ACER.RUB	0.143	541	3736
0	217	ACER.SAH	0.111	705	5384
0	217	BETU.ALL	0.125	552	3847
0	217	BETU.PAP	0.167	373	2160
0	217	FAGU.GRA	0.111	664	6146
0	217	LARI.LAR	0.167	181	1661
0	217	PICE.GLA	0.111	643	6552
0	217	PICE.MAR	0.091	576	5895
0	217	PICE.RUB	0.091	1082	8376
0	217	PINU.BAN	0.2	750	5668
0	217	PINU.RES	0.143	769	6295
0	217	PINU.STR	0.143	610	5064
0	217	POPU.TRE	0.2	685	4573
0	217	QUER.RUB	0.111	1026	9414
0	217	THUJ.SPP.ALL	0.091	403	3978
0	217	TSUG.CAN	0.083	453	4273
0	218	ABIE.BAL	0.125	662	4852
0	218	ACER.RUB	0.143	434	3527
0	218	ACER.SAH	0.111	614	4983
0	218	BETU.ALL	0.111	521	3617
0	218	BETU.PAP	0.167	352	2145
0	218	FAGU.GRA	0.091	582	6262
0	218	LARI.LAR	0.167	214	1546
0	218	PICE.GLA	0.125	571	6588
0	218	PICE.MAR	0.1	562	5718
0	218	PICE.RUB	0.083	1333	8162
0	218	PINU.BAN	0.167	729	5522
0	218	PINU.RES	0.125	664	5887
0	218	PINU.STR	0.111	568	4747
0	218	POPU.TRE	0.25	612	4418
0	218	QUER.RUB	0.1	899	8603
0	218	THUJ.SPP.ALL	0.091	331	3688
0	218	TSUG.CAN	0.071	389	4031
0	219	ABIE.BAL	0.125	683	4923
0	219	ACER.RUB	0.143	430	3490
0	219	ACER.SAH	0.111	572	5048
0	219	BETU.ALL	0.111	501	3550
0	219	BETU.PAP	0.167	338	2132
0	219	FAGU.GRA	0.091	539	6069
0	219	LARI.LAR	0.167	181	1646
0	219	PICE.GLA	0.125	550	6426
0	219	PICE.MAR	0.1	525	5861
0	219	PICE.RUB	0.083	1150	8093
0	219	PINU.BAN	0.167	701	5479
0	219	PINU.RES	0.125	665	5784
0	219	PINU.STR	0.111	548	4643
0	219	POPU.TRE	0.25	605	4400
0	219	QUER.RUB	0.1	914	9081
0	219	THUJ.SPP.ALL	0.091	329	3615
0	219	TSUG.CAN	0.071	366	3962
0	220	ABIE.BAL	0.125	662	4926
0	220	ACER.RUB	0.143	448	3568
0	220	ACER.SAH	0.111	631	4903
0	220	BETU.ALL	0.111	511	3526
0	220	BETU.PAP	0.167	348	2120
0	220	FAGU.GRA	0.1	574	6257
0	220	LARI.LAR	0.167	211	1614
0	220	PICE.GLA	0.125	545	6284
0	220	PICE.MAR	0.1	571	5649
0	220	PICE.RUB	0.091	1504	8153
0	220	PINU.BAN	0.25	687	5495
0	220	PINU.RES	0.125	714	6048
0	220	PINU.STR	0.125	571	4624
0	220	POPU.TRE	0.25	611	4413
0	220	QUER.RUB	0.1	916	8926
0	220	THUJ.SPP.ALL	0.091	369	3874
0	220	TSUG.CAN	0.071	402	4172
0	221	ABIE.BAL	0.143	704	5090
0	221	ACER.RUB	0.143	564	3797
0	221	ACER.SAH	0.111	778	5875
0	221	BETU.ALL	0.125	571	3806
0	221	BETU.PAP	0.167	383	2220
0	221	FAGU.GRA	0.111	697	6418
0	221	LARI.LAR	0.167	201	1772
0	221	PICE.GLA	0.111	656	6879
0	221	PICE.MAR	0.091	593	5921
0	221	PICE.RUB	0.091	1025	8728
0	221	PINU.BAN	0.2	746	5648
0	221	PINU.RES	0.143	788	6120
0	221	PINU.STR	0.143	626	4998
0	221	POPU.TRE	0.2	707	4544
0	221	QUER.RUB	0.111	1158	9568
0	221	THUJ.SPP.ALL	0.091	452	3956
0	221	TSUG.CAN	0.083	478	4409
0	222	ABIE.BAL	0.125	687	4944
0	222	ACER.RUB	0.111	389	3231
0	222	ACER.SAH	0.091	560	4998
0	222	BETU.ALL	0.091	446	3538
0	222	BETU.PAP	0.167	338	2108
0	222	FAGU.GRA	0.077	378	5820
0	222	LARI.LAR	0.167	156	1613
0	222	PICE.GLA	0.111	562	6551
0	222	PICE.MAR	0.091	506	5946
0	222	PICE.RUB	0.071	900	7809
0	222	PINU.BAN	0.167	615	5468
0	222	PINU.RES	0.111	629	5241
0	222	PINU.STR	0.1	466	4207
0	222	POPU.TRE	0.167	641	4374
0	222	QUER.RUB	0.083	797	8498
0	222	THUJ.SPP.ALL	0.071	289	3454
0	222	TSUG.CAN	0.062	263	3672
0	223	ABIE.BAL	0.125	662	4902
0	223	ACER.RUB	0.111	415	3098
0	223	ACER.SAH	0.091	494	4902
0	223	BETU.ALL	0.091	432	3456
0	223	BETU.PAP	0.167	342	2092
0	223	FAGU.GRA	0.077	384	5951
0	223	LARI.LAR	0.167	185	1570
0	223	PICE.GLA	0.111	563	6400
0	223	PICE.MAR	0.091	542	5754
0	223	PICE.RUB	0.071	1014	7725
0	223	PINU.BAN	0.167	629	5390
0	223	PINU.RES	0.111	642	5282
0	223	PINU.STR	0.1	468	4222
0	223	POPU.TRE	0.167	637	4347
0	223	QUER.RUB	0.083	624	8183
0	223	THUJ.SPP.ALL	0.071	279	3496
0	223	TSUG.CAN	0.062	266	3526
0	378	ABIE.BAL	0.125	590	4155
0	378	ACER.RUB	0.167	583	3720
0	378	ACER.SAH	0.143	585	4709
0	378	BETU.ALL	0.125	559	3825
0	378	BETU.PAP	0.2	326	2159
0	378	FAGU.GRA	0.125	777	6392
0	378	LARI.LAR	0.167	231	1680
0	378	PICE.GLA	0.111	489	6142
0	378	PICE.MAR	0.083	396	4332
0	378	PICE.RUB	0.091	1226	7360
0	378	PINU.BAN	0.167	693	5545
0	378	PINU.RES	0.167	792	6552
0	378	PINU.STR	0.167	644	5120
0	378	POPU.TRE	0.167	574	4379
0	378	QUER.RUB	0.143	794	9147
0	378	THUJ.SPP.ALL	0.091	604	4422
0	378	TSUG.CAN	0.1	456	4154
0	379	ABIE.BAL	0.125	562	4354
0	379	ACER.RUB	0.167	620	3920
0	379	ACER.SAH	0.143	718	5131
0	379	BETU.ALL	0.125	579	3876
0	379	BETU.PAP	0.2	356	2133
0	379	FAGU.GRA	0.125	806	6761
0	379	LARI.LAR	0.167	203	1782
0	379	PICE.GLA	0.1	534	6091
0	379	PICE.MAR	0.083	387	4624
0	379	PICE.RUB	0.091	1008	7835
0	379	PINU.BAN	0.167	704	5534
0	379	PINU.RES	0.167	808	6314
0	379	PINU.STR	0.167	666	5325
0	379	POPU.TRE	0.167	618	4388
0	379	QUER.RUB	0.143	972	9318
0	379	THUJ.SPP.ALL	0.091	604	4263
0	379	TSUG.CAN	0.1	480	4500
30	28	ABIE.BAL	0.111	765	3714
30	28	ACER.RUB	0.25	589	3824
30	28	ACER.SAH	0.143	765	4851
30	28	BETU.ALL	0.125	566	3560
30	28	BETU.PAP	0.167	312	2047
30	28	FAGU.GRA	0.143	745	7146
30	28	LARI.LAR	0.143	270	1154
30	28	PICE.GLA	0.077	419	4648
30	28	PICE.MAR	0.056	311	3342
30	28	PICE.RUB	0.091	2315	7668
30	28	PINU.BAN	0.143	560	5252
30	28	PINU.RES	0.143	714	6208
30	28	PINU.STR	0.143	636	5249
30	28	POPU.TRE	0.143	444	4063
30	28	QUER.RUB	0.143	869	8974
30	28	THUJ.SPP.ALL	0.091	475	4229
30	28	TSUG.CAN	0.091	406	4333
30	29	ABIE.BAL	0.111	975	3735
30	29	ACER.RUB	0.25	545	3846
30	29	ACER.SAH	0.111	772	4843
30	29	BETU.ALL	0.125	504	3901
30	29	BETU.PAP	0.167	308	1989
30	29	FAGU.GRA	0.143	680	6570
30	29	LARI.LAR	0.143	167	1161
30	29	PICE.GLA	0.091	424	4717
30	29	PICE.MAR	0.071	322	3575
30	29	PICE.RUB	0.091	1685	7467
30	29	PINU.BAN	0.143	568	5331
30	29	PINU.RES	0.143	696	6330
30	29	PINU.STR	0.167	579	5163
30	29	POPU.TRE	0.143	439	3998
30	29	QUER.RUB	0.125	741	8706
30	29	THUJ.SPP.ALL	0.091	434	4014
30	29	TSUG.CAN	0.091	380	4206
30	130	ABIE.BAL	0.111	886	4411
30	130	ACER.RUB	0.167	534	3730
30	130	ACER.SAH	0.125	802	5497
30	130	BETU.ALL	0.143	518	3623
30	130	BETU.PAP	0.2	322	2104
30	130	FAGU.GRA	0.125	663	6458
30	130	LARI.LAR	0.167	226	1343
30	130	PICE.GLA	0.111	474	5919
30	130	PICE.MAR	0.091	594	4557
30	130	PICE.RUB	0.091	1761	8074
30	130	PINU.BAN	0.167	644	5496
30	130	PINU.RES	0.143	759	6171
30	130	PINU.STR	0.143	610	5059
30	130	POPU.TRE	0.167	539	4232
30	130	QUER.RUB	0.143	876	9106
30	130	THUJ.SPP.ALL	0.091	397	4034
30	130	TSUG.CAN	0.091	393	4311
30	131	ABIE.BAL	0.111	1003	4606
30	131	ACER.RUB	0.167	571	3779
30	131	ACER.SAH	0.125	648	4957
30	131	BETU.ALL	0.125	562	3860
30	131	BETU.PAP	0.2	381	2110
30	131	FAGU.GRA	0.125	772	6940
30	131	LARI.LAR	0.167	273	1353
30	131	PICE.GLA	0.111	542	6586
30	131	PICE.MAR	0.091	521	4770
30	131	PICE.RUB	0.083	1466	8481
30	131	PINU.BAN	0.167	730	5616
30	131	PINU.RES	0.167	796	6516
30	131	PINU.STR	0.143	672	5316
30	131	POPU.TRE	0.167	648	4421
30	131	QUER.RUB	0.143	816	9515
30	131	THUJ.SPP.ALL	0.091	410	3900
30	131	TSUG.CAN	0.091	448	4444
30	132	ABIE.BAL	0.125	626	4752
30	132	ACER.RUB	0.167	620	3922
30	132	ACER.SAH	0.125	718	5497
30	132	BETU.ALL	0.143	568	3802
30	132	BETU.PAP	0.2	378	2202
30	132	FAGU.GRA	0.125	768	6544
30	132	LARI.LAR	0.167	232	1574
30	132	PICE.GLA	0.111	544	6442
30	132	PICE.MAR	0.091	620	5139
30	132	PICE.RUB	0.091	1483	8099
30	132	PINU.BAN	0.167	730	5545
30	132	PINU.RES	0.167	791	6489
30	132	PINU.STR	0.143	676	5055
30	132	POPU.TRE	0.167	680	4410
30	132	QUER.RUB	0.111	1060	9673
30	132	THUJ.SPP.ALL	0.091	427	3971
30	132	TSUG.CAN	0.091	461	4631
30	133	ABIE.BAL	0.125	637	4692
30	133	ACER.RUB	0.167	609	3899
30	133	ACER.SAH	0.125	693	5576
30	133	BETU.ALL	0.143	540	3714
30	133	BETU.PAP	0.2	365	2156
30	133	FAGU.GRA	0.125	761	6739
30	133	LARI.LAR	0.143	234	1709
30	133	PICE.GLA	0.1	492	5924
30	133	PICE.MAR	0.071	478	4869
30	133	PICE.RUB	0.091	1335	8044
30	133	PINU.BAN	0.167	664	5558
30	133	PINU.RES	0.143	790	6372
30	133	PINU.STR	0.143	657	4968
30	133	POPU.TRE	0.167	608	4333
30	133	QUER.RUB	0.143	1164	9694
30	133	THUJ.SPP.ALL	0.091	464	4159
30	133	TSUG.CAN	0.091	479	4543
30	134	ABIE.BAL	0.125	740	4539
30	134	ACER.RUB	0.167	566	3790
30	134	ACER.SAH	0.125	690	5167
30	134	BETU.ALL	0.143	514	3859
30	134	BETU.PAP	0.2	338	2077
30	134	FAGU.GRA	0.125	690	6916
30	134	LARI.LAR	0.167	221	1558
30	134	PICE.GLA	0.111	467	5943
30	134	PICE.MAR	0.091	584	4714
30	134	PICE.RUB	0.091	1674	8099
30	134	PINU.BAN	0.167	670	5495
30	134	PINU.RES	0.167	743	6323
30	134	PINU.STR	0.143	612	5073
30	134	POPU.TRE	0.167	589	4252
30	134	QUER.RUB	0.143	1001	8828
30	134	THUJ.SPP.ALL	0.091	446	3984
30	134	TSUG.CAN	0.091	425	4426
30	135	ABIE.BAL	0.111	583	4756
30	135	ACER.RUB	0.167	623	3951
30	135	ACER.SAH	0.125	749	5349
30	135	BETU.ALL	0.143	569	4021
30	135	BETU.PAP	0.2	391	2216
30	135	FAGU.GRA	0.125	778	6557
30	135	LARI.LAR	0.167	215	1690
30	135	PICE.GLA	0.111	557	6344
30	135	PICE.MAR	0.083	670	5224
30	135	PICE.RUB	0.083	1152	8258
30	135	PINU.BAN	0.167	746	5622
30	135	PINU.RES	0.167	805	6427
30	135	PINU.STR	0.143	681	5170
30	135	POPU.TRE	0.167	686	4440
30	135	QUER.RUB	0.143	954	9627
30	135	THUJ.SPP.ALL	0.091	474	4172
30	135	TSUG.CAN	0.091	461	4580
30	136	ABIE.BAL	0.111	1170	4094
30	136	ACER.RUB	0.167	508	3638
30	136	ACER.SAH	0.125	609	4736
30	136	BETU.ALL	0.143	490	3536
30	136	BETU.PAP	0.2	302	2016
30	136	FAGU.GRA	0.125	650	6800
30	136	LARI.LAR	0.143	220	1235
30	136	PICE.GLA	0.111	442	5567
30	136	PICE.MAR	0.083	374	4092
30	136	PICE.RUB	0.091	2408	7506
30	136	PINU.BAN	0.167	604	5354
30	136	PINU.RES	0.167	700	6218
30	136	PINU.STR	0.143	570	5047
30	136	POPU.TRE	0.167	449	4049
30	136	QUER.RUB	0.111	761	9058
30	136	THUJ.SPP.ALL	0.091	411	4026
30	136	TSUG.CAN	0.091	373	4284
30	137	ABIE.BAL	0.111	1138	4254
30	137	ACER.RUB	0.167	619	3851
30	137	ACER.SAH	0.125	610	4903
30	137	BETU.ALL	0.143	580	3670
30	137	BETU.PAP	0.2	383	2096
30	137	FAGU.GRA	0.125	783	6732
30	137	LARI.LAR	0.167	254	1360
30	137	PICE.GLA	0.111	540	5881
30	137	PICE.MAR	0.083	434	4367
30	137	PICE.RUB	0.091	1696	7646
30	137	PINU.BAN	0.167	708	5495
30	137	PINU.RES	0.143	824	6236
30	137	PINU.STR	0.143	677	5129
30	137	POPU.TRE	0.167	659	4334
30	137	QUER.RUB	0.143	795	8931
30	137	THUJ.SPP.ALL	0.091	475	4175
30	137	TSUG.CAN	0.091	433	4616
30	217	ABIE.BAL	0.111	704	4709
30	217	ACER.RUB	0.167	574	3830
30	217	ACER.SAH	0.125	684	5346
30	217	BETU.ALL	0.125	582	3920
30	217	BETU.PAP	0.25	374	2154
30	217	FAGU.GRA	0.111	765	6657
30	217	LARI.LAR	0.143	240	1496
30	217	PICE.GLA	0.111	549	6484
30	217	PICE.MAR	0.091	584	5301
30	217	PICE.RUB	0.091	1421	8205
30	217	PINU.BAN	0.167	742	5618
30	217	PINU.RES	0.143	806	6137
30	217	PINU.STR	0.143	660	5111
30	217	POPU.TRE	0.167	654	4389
30	217	QUER.RUB	0.143	970	9247
30	217	THUJ.SPP.ALL	0.1	403	3900
30	217	TSUG.CAN	0.091	448	4300
30	218	ABIE.BAL	0.143	708	4656
30	218	ACER.RUB	0.143	510	3589
30	218	ACER.SAH	0.111	606	5338
30	218	BETU.ALL	0.125	520	3682
30	218	BETU.PAP	0.2	356	2106
30	218	FAGU.GRA	0.111	672	6292
30	218	LARI.LAR	0.143	178	1475
30	218	PICE.GLA	0.111	520	6280
30	218	PICE.MAR	0.091	661	5048
30	218	PICE.RUB	0.083	1522	8202
30	218	PINU.BAN	0.2	680	5529
30	218	PINU.RES	0.143	748	6325
30	218	PINU.STR	0.143	586	4904
30	218	POPU.TRE	0.2	613	4338
30	218	QUER.RUB	0.125	779	9453
30	218	THUJ.SPP.ALL	0.091	352	3862
30	218	TSUG.CAN	0.083	426	4558
30	219	ABIE.BAL	0.143	626	4862
30	219	ACER.RUB	0.143	484	3683
30	219	ACER.SAH	0.111	730	5464
30	219	BETU.ALL	0.125	520	3664
30	219	BETU.PAP	0.2	328	2102
30	219	FAGU.GRA	0.111	634	6735
30	219	LARI.LAR	0.143	213	1552
30	219	PICE.GLA	0.111	528	6230
30	219	PICE.MAR	0.083	493	5347
30	219	PICE.RUB	0.091	1254	8210
30	219	PINU.BAN	0.2	670	5488
30	219	PINU.RES	0.143	732	6169
30	219	PINU.STR	0.143	575	4871
30	219	POPU.TRE	0.2	607	4289
30	219	QUER.RUB	0.125	842	9246
30	219	THUJ.SPP.ALL	0.091	349	3952
30	219	TSUG.CAN	0.083	426	4250
30	220	ABIE.BAL	0.143	704	4738
30	220	ACER.RUB	0.167	487	3566
30	220	ACER.SAH	0.1	653	5259
30	220	BETU.ALL	0.125	535	3892
30	220	BETU.PAP	0.25	326	2082
30	220	FAGU.GRA	0.111	648	6715
30	220	LARI.LAR	0.167	222	1500
30	220	PICE.GLA	0.111	517	6310
30	220	PICE.MAR	0.091	566	5056
30	220	PICE.RUB	0.091	1672	8027
30	220	PINU.BAN	0.167	717	5503
30	220	PINU.RES	0.143	767	6332
30	220	PINU.STR	0.143	586	5037
30	220	POPU.TRE	0.2	605	4297
30	220	QUER.RUB	0.125	802	9532
30	220	THUJ.SPP.ALL	0.091	394	3924
30	220	TSUG.CAN	0.091	408	4343
30	221	ABIE.BAL	0.143	683	4724
30	221	ACER.RUB	0.167	594	3836
30	221	ACER.SAH	0.111	682	5492
30	221	BETU.ALL	0.125	611	3915
30	221	BETU.PAP	0.25	388	2154
30	221	FAGU.GRA	0.111	776	6854
30	221	LARI.LAR	0.167	212	1574
30	221	PICE.GLA	0.111	568	6382
30	221	PICE.MAR	0.091	662	5212
30	221	PICE.RUB	0.091	1453	8184
30	221	PINU.BAN	0.167	762	5594
30	221	PINU.RES	0.143	839	6218
30	221	PINU.STR	0.143	675	5134
30	221	POPU.TRE	0.167	679	4382
30	221	QUER.RUB	0.111	953	9640
30	221	THUJ.SPP.ALL	0.1	436	4008
30	221	TSUG.CAN	0.091	472	4408
30	222	ABIE.BAL	0.125	644	4966
30	222	ACER.RUB	0.125	448	3588
30	222	ACER.SAH	0.111	591	5208
30	222	BETU.ALL	0.111	512	3681
30	222	BETU.PAP	0.167	352	2164
30	222	FAGU.GRA	0.111	539	6285
30	222	LARI.LAR	0.167	191	1558
30	222	PICE.GLA	0.111	526	6353
30	222	PICE.MAR	0.091	558	5577
30	222	PICE.RUB	0.083	1181	8252
30	222	PINU.BAN	0.2	644	5462
30	222	PINU.RES	0.143	664	5892
30	222	PINU.STR	0.125	564	4882
30	222	POPU.TRE	0.2	639	4374
30	222	QUER.RUB	0.1	834	9322
30	222	THUJ.SPP.ALL	0.091	325	3712
30	222	TSUG.CAN	0.083	391	3982
30	223	ABIE.BAL	0.125	662	4934
30	223	ACER.RUB	0.125	452	3528
30	223	ACER.SAH	0.111	591	4986
30	223	BETU.ALL	0.111	521	3814
30	223	BETU.PAP	0.167	341	2151
30	223	FAGU.GRA	0.111	547	6124
30	223	LARI.LAR	0.167	184	1521
30	223	PICE.GLA	0.111	537	6522
30	223	PICE.MAR	0.1	541	5650
30	223	PICE.RUB	0.077	996	8209
30	223	PINU.BAN	0.167	683	5442
30	223	PINU.RES	0.125	676	5972
30	223	PINU.STR	0.125	564	4751
30	223	POPU.TRE	0.2	611	4336
30	223	QUER.RUB	0.1	874	9372
30	223	THUJ.SPP.ALL	0.083	330	3720
30	223	TSUG.CAN	0.083	394	3985
30	378	ABIE.BAL	0.111	743	3468
30	378	ACER.RUB	0.25	532	3744
30	378	ACER.SAH	0.111	504	4379
30	378	BETU.ALL	0.125	544	3615
30	378	BETU.PAP	0.167	318	1978
30	378	FAGU.GRA	0.143	727	7019
30	378	LARI.LAR	0.143	306	1236
30	378	PICE.GLA	0.091	419	4840
30	378	PICE.MAR	0.071	359	3168
30	378	PICE.RUB	0.083	1526	7048
30	378	PINU.BAN	0.143	579	5370
30	378	PINU.RES	0.143	725	6296
30	378	PINU.STR	0.167	626	4969
30	378	POPU.TRE	0.143	450	3879
30	378	QUER.RUB	0.125	721	8372
30	378	THUJ.SPP.ALL	0.091	510	4232
30	378	TSUG.CAN	0.091	386	4258
30	379	ABIE.BAL	0.111	829	3625
30	379	ACER.RUB	0.25	558	3711
30	379	ACER.SAH	0.111	731	5097
30	379	BETU.ALL	0.125	570	3939
30	379	BETU.PAP	0.167	336	2064
30	379	FAGU.GRA	0.143	749	6641
30	379	LARI.LAR	0.143	280	1310
30	379	PICE.GLA	0.083	413	4900
30	379	PICE.MAR	0.067	322	3398
30	379	PICE.RUB	0.083	2158	7431
30	379	PINU.BAN	0.143	595	5395
30	379	PINU.RES	0.143	755	6173
30	379	PINU.STR	0.167	630	4991
30	379	POPU.TRE	0.143	499	4001
30	379	QUER.RUB	0.143	774	8823
30	379	THUJ.SPP.ALL	0.091	515	4280
30	379	TSUG.CAN	0.091	409	4552
60	28	ABIE.BAL	0.083	662	3351
60	28	ACER.RUB	0.25	579	3851
60	28	ACER.SAH	0.125	762	5229
60	28	BETU.ALL	0.125	594	3613
60	28	BETU.PAP	0.143	302	1974
60	28	FAGU.GRA	0.143	748	6594
60	28	LARI.LAR	0.1	142	943
60	28	PICE.GLA	0.062	230	3698
60	28	PICE.MAR	0.042	208	2623
60	28	PICE.RUB	0.077	1274	7172
60	28	PINU.BAN	0.143	516	5103
60	28	PINU.RES	0.125	697	5967
60	28	PINU.STR	0.143	634	4887
60	28	POPU.TRE	0.143	412	3853
60	28	QUER.RUB	0.167	784	9569
60	28	THUJ.SPP.ALL	0.083	456	4050
60	28	TSUG.CAN	0.091	410	4396
60	29	ABIE.BAL	0.1	733	3504
60	29	ACER.RUB	0.25	546	3668
60	29	ACER.SAH	0.125	557	5064
60	29	BETU.ALL	0.125	546	3676
60	29	BETU.PAP	0.143	314	1931
60	29	FAGU.GRA	0.143	710	6402
60	29	LARI.LAR	0.111	148	963
60	29	PICE.GLA	0.071	307	4102
60	29	PICE.MAR	0.056	282	2971
60	29	PICE.RUB	0.091	1326	7243
60	29	PINU.BAN	0.143	515	5063
60	29	PINU.RES	0.143	681	6092
60	29	PINU.STR	0.143	599	4963
60	29	POPU.TRE	0.143	398	3825
60	29	QUER.RUB	0.167	859	9091
60	29	THUJ.SPP.ALL	0.091	423	3942
60	29	TSUG.CAN	0.091	379	4406
60	130	ABIE.BAL	0.125	640	4279
60	130	ACER.RUB	0.2	542	3802
60	130	ACER.SAH	0.143	652	5273
60	130	BETU.ALL	0.125	534	3860
60	130	BETU.PAP	0.167	341	2079
60	130	FAGU.GRA	0.125	706	6512
60	130	LARI.LAR	0.143	188	1313
60	130	PICE.GLA	0.091	386	5470
60	130	PICE.MAR	0.071	458	4329
60	130	PICE.RUB	0.091	996	7732
60	130	PINU.BAN	0.167	606	5430
60	130	PINU.RES	0.143	752	6144
60	130	PINU.STR	0.167	588	4985
60	130	POPU.TRE	0.167	571	4120
60	130	QUER.RUB	0.143	1064	9553
60	130	THUJ.SPP.ALL	0.091	382	3747
60	130	TSUG.CAN	0.091	406	4645
60	131	ABIE.BAL	0.125	587	4389
60	131	ACER.RUB	0.2	613	3939
60	131	ACER.SAH	0.143	638	5062
60	131	BETU.ALL	0.125	628	3773
60	131	BETU.PAP	0.167	374	2103
60	131	FAGU.GRA	0.125	798	6719
60	131	LARI.LAR	0.143	204	1342
60	131	PICE.GLA	0.1	484	5921
60	131	PICE.MAR	0.071	579	4536
60	131	PICE.RUB	0.091	1646	8161
60	131	PINU.BAN	0.167	714	5562
60	131	PINU.RES	0.143	827	6445
60	131	PINU.STR	0.167	662	5083
60	131	POPU.TRE	0.167	610	4326
60	131	QUER.RUB	0.143	1056	9874
60	131	THUJ.SPP.ALL	0.091	400	3962
60	131	TSUG.CAN	0.091	468	4474
60	132	ABIE.BAL	0.125	551	4717
60	132	ACER.RUB	0.2	629	3892
60	132	ACER.SAH	0.143	764	5432
60	132	BETU.ALL	0.125	657	3882
60	132	BETU.PAP	0.167	395	2167
60	132	FAGU.GRA	0.125	790	6588
60	132	LARI.LAR	0.143	200	1511
60	132	PICE.GLA	0.091	491	6017
60	132	PICE.MAR	0.071	518	4838
60	132	PICE.RUB	0.091	1012	7942
60	132	PINU.BAN	0.167	708	5500
60	132	PINU.RES	0.143	824	6256
60	132	PINU.STR	0.167	654	5080
60	132	POPU.TRE	0.167	664	4335
60	132	QUER.RUB	0.143	1463	9950
60	132	THUJ.SPP.ALL	0.091	413	4003
60	132	TSUG.CAN	0.091	472	4405
60	133	ABIE.BAL	0.111	541	4557
60	133	ACER.RUB	0.25	590	3931
60	133	ACER.SAH	0.143	667	5503
60	133	BETU.ALL	0.125	572	3825
60	133	BETU.PAP	0.167	356	2140
60	133	FAGU.GRA	0.143	744	6612
60	133	LARI.LAR	0.125	193	1559
60	133	PICE.GLA	0.091	398	5870
60	133	PICE.MAR	0.067	499	4542
60	133	PICE.RUB	0.091	1338	8180
60	133	PINU.BAN	0.143	636	5466
60	133	PINU.RES	0.143	784	6351
60	133	PINU.STR	0.143	645	5281
60	133	POPU.TRE	0.143	622	4254
60	133	QUER.RUB	0.143	1315	9694
60	133	THUJ.SPP.ALL	0.091	454	4113
60	133	TSUG.CAN	0.091	466	4514
60	134	ABIE.BAL	0.125	647	4574
60	134	ACER.RUB	0.2	549	3846
60	134	ACER.SAH	0.143	728	5232
60	134	BETU.ALL	0.125	556	3626
60	134	BETU.PAP	0.167	355	2077
60	134	FAGU.GRA	0.125	695	6591
60	134	LARI.LAR	0.143	169	1533
60	134	PICE.GLA	0.091	408	5846
60	134	PICE.MAR	0.071	476	4532
60	134	PICE.RUB	0.091	1062	8168
60	134	PINU.BAN	0.167	614	5470
60	134	PINU.RES	0.143	772	6206
60	134	PINU.STR	0.167	592	4999
60	134	POPU.TRE	0.167	574	4195
60	134	QUER.RUB	0.143	1000	9848
60	134	THUJ.SPP.ALL	0.091	431	4121
60	134	TSUG.CAN	0.091	432	4400
60	135	ABIE.BAL	0.125	573	4674
60	135	ACER.RUB	0.2	614	3872
60	135	ACER.SAH	0.143	730	6018
60	135	BETU.ALL	0.125	662	3759
60	135	BETU.PAP	0.167	404	2180
60	135	FAGU.GRA	0.125	792	6640
60	135	LARI.LAR	0.143	199	1629
60	135	PICE.GLA	0.1	487	6007
60	135	PICE.MAR	0.067	572	5032
60	135	PICE.RUB	0.091	1188	8150
60	135	PINU.BAN	0.167	721	5490
60	135	PINU.RES	0.167	806	6344
60	135	PINU.STR	0.167	656	5106
60	135	POPU.TRE	0.167	668	4312
60	135	QUER.RUB	0.143	1197	10303
60	135	THUJ.SPP.ALL	0.091	472	4093
60	135	TSUG.CAN	0.091	491	4558
60	136	ABIE.BAL	0.125	790	3938
60	136	ACER.RUB	0.2	527	3675
60	136	ACER.SAH	0.143	559	4735
60	136	BETU.ALL	0.125	509	3732
60	136	BETU.PAP	0.167	333	2006
60	136	FAGU.GRA	0.125	676	6870
60	136	LARI.LAR	0.143	165	1190
60	136	PICE.GLA	0.091	390	5243
60	136	PICE.MAR	0.071	416	3829
60	136	PICE.RUB	0.091	1484	7314
60	136	PINU.BAN	0.167	598	5367
60	136	PINU.RES	0.143	721	6165
60	136	PINU.STR	0.143	591	4789
60	136	POPU.TRE	0.167	470	3998
60	136	QUER.RUB	0.143	744	9287
60	136	THUJ.SPP.ALL	0.091	401	3978
60	136	TSUG.CAN	0.091	380	4104
60	137	ABIE.BAL	0.125	761	4222
60	137	ACER.RUB	0.2	636	3828
60	137	ACER.SAH	0.143	706	5066
60	137	BETU.ALL	0.125	652	3774
60	137	BETU.PAP	0.167	368	2121
60	137	FAGU.GRA	0.125	822	6518
60	137	LARI.LAR	0.143	216	1357
60	137	PICE.GLA	0.091	431	6072
60	137	PICE.MAR	0.071	502	4100
60	137	PICE.RUB	0.091	1486	7745
60	137	PINU.BAN	0.167	698	5397
60	137	PINU.RES	0.143	824	6497
60	137	PINU.STR	0.143	693	5144
60	137	POPU.TRE	0.143	592	4130
60	137	QUER.RUB	0.143	993	9381
60	137	THUJ.SPP.ALL	0.091	471	4263
60	137	TSUG.CAN	0.091	455	4488
60	217	ABIE.BAL	0.125	555	4852
60	217	ACER.RUB	0.2	597	3887
60	217	ACER.SAH	0.125	734	5411
60	217	BETU.ALL	0.143	577	3934
60	217	BETU.PAP	0.2	374	2168
60	217	FAGU.GRA	0.125	775	6571
60	217	LARI.LAR	0.167	228	1502
60	217	PICE.GLA	0.111	517	6085
60	217	PICE.MAR	0.083	501	5129
60	217	PICE.RUB	0.091	1274	8848
60	217	PINU.BAN	0.167	720	5526
60	217	PINU.RES	0.2	788	6318
60	217	PINU.STR	0.167	648	5093
60	217	POPU.TRE	0.167	669	4306
60	217	QUER.RUB	0.143	1165	9624
60	217	THUJ.SPP.ALL	0.091	403	3894
60	217	TSUG.CAN	0.091	467	4522
60	218	ABIE.BAL	0.143	619	4816
60	218	ACER.RUB	0.167	508	3833
60	218	ACER.SAH	0.125	631	4925
60	218	BETU.ALL	0.125	576	3711
60	218	BETU.PAP	0.2	338	2118
60	218	FAGU.GRA	0.125	653	6708
60	218	LARI.LAR	0.167	224	1482
60	218	PICE.GLA	0.111	538	6467
60	218	PICE.MAR	0.091	462	5318
60	218	PICE.RUB	0.091	1040	8320
60	218	PINU.BAN	0.167	702	5489
60	218	PINU.RES	0.143	766	6200
60	218	PINU.STR	0.143	619	5140
60	218	POPU.TRE	0.167	662	4316
60	218	QUER.RUB	0.125	936	9560
60	218	THUJ.SPP.ALL	0.091	357	3785
60	218	TSUG.CAN	0.091	441	4603
60	219	ABIE.BAL	0.143	590	4862
60	219	ACER.RUB	0.167	525	3678
60	219	ACER.SAH	0.125	698	5152
60	219	BETU.ALL	0.125	550	3876
60	219	BETU.PAP	0.2	347	2148
60	219	FAGU.GRA	0.125	646	6342
60	219	LARI.LAR	0.167	177	1583
60	219	PICE.GLA	0.111	502	6073
60	219	PICE.MAR	0.091	468	5412
60	219	PICE.RUB	0.091	1045	8132
60	219	PINU.BAN	0.167	681	5475
60	219	PINU.RES	0.143	756	6158
60	219	PINU.STR	0.143	579	5006
60	219	POPU.TRE	0.167	640	4298
60	219	QUER.RUB	0.125	1018	10200
60	219	THUJ.SPP.ALL	0.091	352	3950
60	219	TSUG.CAN	0.091	437	4364
60	220	ABIE.BAL	0.125	583	4745
60	220	ACER.RUB	0.167	538	3800
60	220	ACER.SAH	0.125	674	5184
60	220	BETU.ALL	0.143	536	3572
60	220	BETU.PAP	0.2	348	2100
60	220	FAGU.GRA	0.125	664	6636
60	220	LARI.LAR	0.167	191	1587
60	220	PICE.GLA	0.111	481	6505
60	220	PICE.MAR	0.091	480	5139
60	220	PICE.RUB	0.091	1107	7983
60	220	PINU.BAN	0.167	697	5513
60	220	PINU.RES	0.143	791	6192
60	220	PINU.STR	0.143	597	4874
60	220	POPU.TRE	0.167	647	4342
60	220	QUER.RUB	0.143	1076	9169
60	220	THUJ.SPP.ALL	0.091	399	3909
60	220	TSUG.CAN	0.091	441	4530
60	221	ABIE.BAL	0.125	601	4809
60	221	ACER.RUB	0.2	612	3907
60	221	ACER.SAH	0.125	821	5716
60	221	BETU.ALL	0.143	611	3834
60	221	BETU.PAP	0.2	390	2214
60	221	FAGU.GRA	0.125	794	6819
60	221	LARI.LAR	0.167	182	1597
60	221	PICE.GLA	0.111	546	5980
60	221	PICE.MAR	0.083	497	5092
60	221	PICE.RUB	0.091	1187	8408
60	221	PINU.BAN	0.167	746	5537
60	221	PINU.RES	0.2	802	6461
60	221	PINU.STR	0.167	660	5295
60	221	POPU.TRE	0.167	696	4461
60	221	QUER.RUB	0.143	1385	9524
60	221	THUJ.SPP.ALL	0.091	431	4090
60	221	TSUG.CAN	0.091	480	4483
60	222	ABIE.BAL	0.143	605	4934
60	222	ACER.RUB	0.143	486	3642
60	222	ACER.SAH	0.125	584	5443
60	222	BETU.ALL	0.125	520	3694
60	222	BETU.PAP	0.2	340	2090
60	222	FAGU.GRA	0.111	609	6125
60	222	LARI.LAR	0.167	215	1568
60	222	PICE.GLA	0.111	526	6174
60	222	PICE.MAR	0.091	499	5693
60	222	PICE.RUB	0.091	1025	8334
60	222	PINU.BAN	0.2	649	5461
60	222	PINU.RES	0.143	698	6136
60	222	PINU.STR	0.143	556	5052
60	222	POPU.TRE	0.2	620	4386
60	222	QUER.RUB	0.125	1039	9315
60	222	THUJ.SPP.ALL	0.091	342	3757
60	222	TSUG.CAN	0.083	436	4449
60	223	ABIE.BAL	0.143	622	4866
60	223	ACER.RUB	0.143	484	3698
60	223	ACER.SAH	0.111	715	5120
60	223	BETU.ALL	0.125	508	3662
60	223	BETU.PAP	0.2	344	2076
60	223	FAGU.GRA	0.111	611	6272
60	223	LARI.LAR	0.167	160	1557
60	223	PICE.GLA	0.111	547	6356
60	223	PICE.MAR	0.091	519	5566
60	223	PICE.RUB	0.091	1070	8157
60	223	PINU.BAN	0.2	661	5356
60	223	PINU.RES	0.143	700	6018
60	223	PINU.STR	0.143	556	4981
60	223	POPU.TRE	0.2	622	4373
60	223	QUER.RUB	0.125	890	9530
60	223	THUJ.SPP.ALL	0.091	339	3698
60	223	TSUG.CAN	0.083	438	4156
60	378	ABIE.BAL	0.1	523	3045
60	378	ACER.RUB	0.25	570	3784
60	378	ACER.SAH	0.125	484	4677
60	378	BETU.ALL	0.125	552	3644
60	378	BETU.PAP	0.143	315	1951
60	378	FAGU.GRA	0.143	757	6794
60	378	LARI.LAR	0.111	141	1008
60	378	PICE.GLA	0.067	235	3893
60	378	PICE.MAR	0.053	208	2622
60	378	PICE.RUB	0.091	1877	7208
60	378	PINU.BAN	0.143	519	5160
60	378	PINU.RES	0.143	686	6192
60	378	PINU.STR	0.143	638	4967
60	378	POPU.TRE	0.143	418	3882
60	378	QUER.RUB	0.167	824	8896
60	378	THUJ.SPP.ALL	0.091	474	4331
60	378	TSUG.CAN	0.091	377	4330
60	379	ABIE.BAL	0.1	754	3290
60	379	ACER.RUB	0.25	610	3888
60	379	ACER.SAH	0.125	502	4804
60	379	BETU.ALL	0.125	528	3634
60	379	BETU.PAP	0.143	322	2007
60	379	FAGU.GRA	0.143	783	6751
60	379	LARI.LAR	0.111	184	1171
60	379	PICE.GLA	0.067	243	4170
60	379	PICE.MAR	0.048	225	2807
60	379	PICE.RUB	0.083	1658	7422
60	379	PINU.BAN	0.143	536	5258
60	379	PINU.RES	0.143	701	6104
60	379	PINU.STR	0.143	670	5219
60	379	POPU.TRE	0.143	440	3944
60	379	QUER.RUB	0.167	1023	9283
60	379	THUJ.SPP.ALL	0.091	485	4201
60	379	TSUG.CAN	0.091	408	4490


