LandisData "Dynamic Input Data"

>>	year	landtype	species	probEst	maxANPP	maxB
0	28	ABIE.BAL	0.111	957	4428
0	28	ACER.RUB	0.25	572	3864
0	28	ACER.SAH	0.125	721	5529
0	28	BETU.ALL	0.125	555	3824
0	28	BETU.PAP	0.167	344	2125
0	28	FAGU.GRA	0.143	748	6614
0	28	LARI.LAR	0.125	258	1583
0	28	PICE.GLA	0.1	470	5867
0	28	PICE.MAR	0.071	476	4495
0	28	PICE.RUB	0.083	1796	8233
0	28	PINU.BAN	0.167	655	5451
0	28	PINU.RES	0.143	792	6383
0	28	PINU.STR	0.143	660	5087
0	28	POPU.TRE	0.167	557	4263
0	28	QUER.RUB	0.125	1089	9944
0	28	THUJ.SPP.ALL	0.091	544	4324
0	28	TSUG.CAN	0.091	461	4497
0	29	ABIE.BAL	0.111	946	4478
0	29	ACER.RUB	0.2	556	3846
0	29	ACER.SAH	0.125	695	5390
0	29	BETU.ALL	0.125	534	3796
0	29	BETU.PAP	0.167	356	2064
0	29	FAGU.GRA	0.143	702	6422
0	29	LARI.LAR	0.143	253	1502
0	29	PICE.GLA	0.111	477	5797
0	29	PICE.MAR	0.071	543	4588
0	29	PICE.RUB	0.083	1429	7934
0	29	PINU.BAN	0.167	660	5547
0	29	PINU.RES	0.143	796	6352
0	29	PINU.STR	0.167	614	4896
0	29	POPU.TRE	0.167	559	4247
0	29	QUER.RUB	0.125	820	9545
0	29	THUJ.SPP.ALL	0.091	467	4046
0	29	TSUG.CAN	0.091	434	4346
0	130	ABIE.BAL	0.111	662	4823
0	130	ACER.RUB	0.143	536	3817
0	130	ACER.SAH	0.111	592	5440
0	130	BETU.ALL	0.143	510	3774
0	130	BETU.PAP	0.25	330	2154
0	130	FAGU.GRA	0.111	682	6758
0	130	LARI.LAR	0.143	224	1584
0	130	PICE.GLA	0.111	519	6204
0	130	PICE.MAR	0.083	525	5327
0	130	PICE.RUB	0.091	1346	8339
0	130	PINU.BAN	0.167	714	5613
0	130	PINU.RES	0.143	789	6260
0	130	PINU.STR	0.143	613	5077
0	130	POPU.TRE	0.167	627	4268
0	130	QUER.RUB	0.111	1051	9235
0	130	THUJ.SPP.ALL	0.1	393	4054
0	130	TSUG.CAN	0.091	426	4429
0	131	ABIE.BAL	0.125	647	4880
0	131	ACER.RUB	0.143	594	3818
0	131	ACER.SAH	0.125	624	5374
0	131	BETU.ALL	0.143	539	4005
0	131	BETU.PAP	0.25	375	2216
0	131	FAGU.GRA	0.111	738	6814
0	131	LARI.LAR	0.167	211	1606
0	131	PICE.GLA	0.111	607	6798
0	131	PICE.MAR	0.091	655	5422
0	131	PICE.RUB	0.091	1160	8383
0	131	PINU.BAN	0.167	762	5635
0	131	PINU.RES	0.143	826	6459
0	131	PINU.STR	0.143	669	5101
0	131	POPU.TRE	0.167	730	4414
0	131	QUER.RUB	0.111	1026	9331
0	131	THUJ.SPP.ALL	0.1	422	4027
0	131	TSUG.CAN	0.091	446	4544
0	132	ABIE.BAL	0.111	676	5175
0	132	ACER.RUB	0.143	586	3886
0	132	ACER.SAH	0.125	824	6015
0	132	BETU.ALL	0.143	570	3989
0	132	BETU.PAP	0.25	378	2194
0	132	FAGU.GRA	0.111	752	6692
0	132	LARI.LAR	0.167	188	1705
0	132	PICE.GLA	0.111	612	7013
0	132	PICE.MAR	0.091	565	5913
0	132	PICE.RUB	0.1	1026	8954
0	132	PINU.BAN	0.167	770	5686
0	132	PINU.RES	0.143	835	6432
0	132	PINU.STR	0.143	670	5010
0	132	POPU.TRE	0.167	731	4606
0	132	QUER.RUB	0.111	1270	9714
0	132	THUJ.SPP.ALL	0.1	416	4048
0	132	TSUG.CAN	0.091	489	4609
0	133	ABIE.BAL	0.125	583	4994
0	133	ACER.RUB	0.143	574	3923
0	133	ACER.SAH	0.125	697	5480
0	133	BETU.ALL	0.143	552	3814
0	133	BETU.PAP	0.167	380	2162
0	133	FAGU.GRA	0.125	718	6398
0	133	LARI.LAR	0.167	198	1878
0	133	PICE.GLA	0.111	551	6496
0	133	PICE.MAR	0.091	563	5547
0	133	PICE.RUB	0.091	1206	8358
0	133	PINU.BAN	0.167	736	5585
0	133	PINU.RES	0.167	799	6366
0	133	PINU.STR	0.143	644	5011
0	133	POPU.TRE	0.167	678	4411
0	133	QUER.RUB	0.111	1291	9826
0	133	THUJ.SPP.ALL	0.091	490	4171
0	133	TSUG.CAN	0.091	484	4243
0	134	ABIE.BAL	0.125	580	4866
0	134	ACER.RUB	0.143	550	3809
0	134	ACER.SAH	0.125	672	5190
0	134	BETU.ALL	0.143	528	3901
0	134	BETU.PAP	0.25	338	2120
0	134	FAGU.GRA	0.111	686	6316
0	134	LARI.LAR	0.167	279	1745
0	134	PICE.GLA	0.111	528	6261
0	134	PICE.MAR	0.091	527	5510
0	134	PICE.RUB	0.1	1207	8526
0	134	PINU.BAN	0.167	720	5640
0	134	PINU.RES	0.143	787	6184
0	134	PINU.STR	0.143	606	4836
0	134	POPU.TRE	0.167	598	4441
0	134	QUER.RUB	0.125	1073	9771
0	134	THUJ.SPP.ALL	0.1	455	4217
0	134	TSUG.CAN	0.091	434	4452
0	135	ABIE.BAL	0.125	612	5108
0	135	ACER.RUB	0.143	609	3816
0	135	ACER.SAH	0.125	664	5624
0	135	BETU.ALL	0.143	578	3927
0	135	BETU.PAP	0.25	375	2248
0	135	FAGU.GRA	0.111	735	6903
0	135	LARI.LAR	0.167	254	1803
0	135	PICE.GLA	0.111	617	6719
0	135	PICE.MAR	0.091	539	5918
0	135	PICE.RUB	0.1	1007	8510
0	135	PINU.BAN	0.167	777	5642
0	135	PINU.RES	0.143	832	6376
0	135	PINU.STR	0.143	674	5016
0	135	POPU.TRE	0.167	740	4452
0	135	QUER.RUB	0.111	1133	9750
0	135	THUJ.SPP.ALL	0.1	472	4218
0	135	TSUG.CAN	0.091	501	4456
0	136	ABIE.BAL	0.111	786	4382
0	136	ACER.RUB	0.143	493	3738
0	136	ACER.SAH	0.111	538	4910
0	136	BETU.ALL	0.143	477	3626
0	136	BETU.PAP	0.25	314	2051
0	136	FAGU.GRA	0.111	661	6573
0	136	LARI.LAR	0.143	196	1444
0	136	PICE.GLA	0.111	484	6192
0	136	PICE.MAR	0.083	504	4787
0	136	PICE.RUB	0.083	1459	7928
0	136	PINU.BAN	0.167	689	5500
0	136	PINU.RES	0.143	729	6366
0	136	PINU.STR	0.143	598	4796
0	136	POPU.TRE	0.167	569	4202
0	136	QUER.RUB	0.111	853	8847
0	136	THUJ.SPP.ALL	0.1	415	3937
0	136	TSUG.CAN	0.091	415	4300
0	137	ABIE.BAL	0.111	804	4578
0	137	ACER.RUB	0.143	574	3801
0	137	ACER.SAH	0.111	553	5145
0	137	BETU.ALL	0.143	516	3692
0	137	BETU.PAP	0.25	366	2191
0	137	FAGU.GRA	0.111	790	6570
0	137	LARI.LAR	0.143	219	1706
0	137	PICE.GLA	0.111	600	6584
0	137	PICE.MAR	0.083	604	5036
0	137	PICE.RUB	0.083	1258	8428
0	137	PINU.BAN	0.167	751	5612
0	137	PINU.RES	0.143	841	6238
0	137	PINU.STR	0.143	698	5096
0	137	POPU.TRE	0.167	653	4461
0	137	QUER.RUB	0.111	1012	9265
0	137	THUJ.SPP.ALL	0.091	511	4356
0	137	TSUG.CAN	0.091	485	4324
0	217	ABIE.BAL	0.125	647	5015
0	217	ACER.RUB	0.143	527	3776
0	217	ACER.SAH	0.111	652	5285
0	217	BETU.ALL	0.125	552	3758
0	217	BETU.PAP	0.25	378	2181
0	217	FAGU.GRA	0.111	674	6782
0	217	LARI.LAR	0.167	212	1617
0	217	PICE.GLA	0.111	586	6833
0	217	PICE.MAR	0.091	588	5796
0	217	PICE.RUB	0.091	1128	8499
0	217	PINU.BAN	0.167	774	5623
0	217	PINU.RES	0.125	819	6230
0	217	PINU.STR	0.125	653	5072
0	217	POPU.TRE	0.167	698	4476
0	217	QUER.RUB	0.111	1049	9384
0	217	THUJ.SPP.ALL	0.1	403	3953
0	217	TSUG.CAN	0.077	474	4386
0	218	ABIE.BAL	0.143	651	4866
0	218	ACER.RUB	0.143	463	3528
0	218	ACER.SAH	0.1	613	5110
0	218	BETU.ALL	0.111	513	3597
0	218	BETU.PAP	0.167	356	2127
0	218	FAGU.GRA	0.091	596	6218
0	218	LARI.LAR	0.143	171	1606
0	218	PICE.GLA	0.111	590	6498
0	218	PICE.MAR	0.091	497	5793
0	218	PICE.RUB	0.077	1011	8215
0	218	PINU.BAN	0.25	661	5538
0	218	PINU.RES	0.111	731	5880
0	218	PINU.STR	0.111	591	5048
0	218	POPU.TRE	0.25	613	4363
0	218	QUER.RUB	0.111	938	8842
0	218	THUJ.SPP.ALL	0.083	344	3680
0	218	TSUG.CAN	0.077	406	3974
0	219	ABIE.BAL	0.143	608	5015
0	219	ACER.RUB	0.143	478	3423
0	219	ACER.SAH	0.1	561	5396
0	219	BETU.ALL	0.111	470	3544
0	219	BETU.PAP	0.167	347	2114
0	219	FAGU.GRA	0.091	569	6276
0	219	LARI.LAR	0.2	222	1660
0	219	PICE.GLA	0.111	551	6297
0	219	PICE.MAR	0.083	527	5703
0	219	PICE.RUB	0.077	1108	8331
0	219	PINU.BAN	0.25	652	5543
0	219	PINU.RES	0.111	708	5822
0	219	PINU.STR	0.111	578	4680
0	219	POPU.TRE	0.25	608	4378
0	219	QUER.RUB	0.1	1003	8633
0	219	THUJ.SPP.ALL	0.083	334	3749
0	219	TSUG.CAN	0.077	370	4077
0	220	ABIE.BAL	0.143	651	4887
0	220	ACER.RUB	0.143	464	3538
0	220	ACER.SAH	0.091	600	5219
0	220	BETU.ALL	0.111	531	3613
0	220	BETU.PAP	0.2	342	2135
0	220	FAGU.GRA	0.1	607	6127
0	220	LARI.LAR	0.2	202	1600
0	220	PICE.GLA	0.111	566	6417
0	220	PICE.MAR	0.083	521	5575
0	220	PICE.RUB	0.091	1211	8351
0	220	PINU.BAN	0.167	728	5603
0	220	PINU.RES	0.111	756	6035
0	220	PINU.STR	0.111	599	4862
0	220	POPU.TRE	0.167	640	4430
0	220	QUER.RUB	0.111	933	9105
0	220	THUJ.SPP.ALL	0.091	391	3748
0	220	TSUG.CAN	0.077	408	4201
0	221	ABIE.BAL	0.143	669	5030
0	221	ACER.RUB	0.143	549	3862
0	221	ACER.SAH	0.111	574	5293
0	221	BETU.ALL	0.125	575	3769
0	221	BETU.PAP	0.25	360	2174
0	221	FAGU.GRA	0.111	697	6697
0	221	LARI.LAR	0.167	289	1707
0	221	PICE.GLA	0.111	626	6652
0	221	PICE.MAR	0.091	543	5741
0	221	PICE.RUB	0.091	1160	8456
0	221	PINU.BAN	0.167	780	5606
0	221	PINU.RES	0.125	841	6186
0	221	PINU.STR	0.125	672	4992
0	221	POPU.TRE	0.167	709	4490
0	221	QUER.RUB	0.111	930	9407
0	221	THUJ.SPP.ALL	0.1	436	4078
0	221	TSUG.CAN	0.077	488	4459
0	222	ABIE.BAL	0.125	662	5072
0	222	ACER.RUB	0.111	487	3202
0	222	ACER.SAH	0.091	542	4880
0	222	BETU.ALL	0.1	427	3322
0	222	BETU.PAP	0.143	346	2077
0	222	FAGU.GRA	0.083	420	5619
0	222	LARI.LAR	0.167	187	1590
0	222	PICE.GLA	0.111	543	6239
0	222	PICE.MAR	0.091	521	5919
0	222	PICE.RUB	0.077	1314	8391
0	222	PINU.BAN	0.167	625	5392
0	222	PINU.RES	0.111	591	5381
0	222	PINU.STR	0.111	489	4321
0	222	POPU.TRE	0.2	640	4332
0	222	QUER.RUB	0.091	757	8583
0	222	THUJ.SPP.ALL	0.077	289	3468
0	222	TSUG.CAN	0.067	295	3692
0	223	ABIE.BAL	0.125	590	4955
0	223	ACER.RUB	0.111	568	3160
0	223	ACER.SAH	0.091	533	5030
0	223	BETU.ALL	0.091	440	3536
0	223	BETU.PAP	0.143	353	2100
0	223	FAGU.GRA	0.077	428	5370
0	223	LARI.LAR	0.167	184	1557
0	223	PICE.GLA	0.111	556	6425
0	223	PICE.MAR	0.091	523	5887
0	223	PICE.RUB	0.077	946	7572
0	223	PINU.BAN	0.167	624	5356
0	223	PINU.RES	0.111	590	5364
0	223	PINU.STR	0.111	493	4435
0	223	POPU.TRE	0.2	632	4399
0	223	QUER.RUB	0.091	746	8402
0	223	THUJ.SPP.ALL	0.077	288	3488
0	223	TSUG.CAN	0.067	293	3563
0	378	ABIE.BAL	0.111	847	4169
0	378	ACER.RUB	0.2	542	3842
0	378	ACER.SAH	0.125	666	5067
0	378	BETU.ALL	0.125	532	3953
0	378	BETU.PAP	0.167	334	2089
0	378	FAGU.GRA	0.143	756	6659
0	378	LARI.LAR	0.143	269	1619
0	378	PICE.GLA	0.111	491	5896
0	378	PICE.MAR	0.071	560	4159
0	378	PICE.RUB	0.083	2183	7719
0	378	PINU.BAN	0.167	673	5461
0	378	PINU.RES	0.143	783	6472
0	378	PINU.STR	0.167	628	5211
0	378	POPU.TRE	0.167	563	4242
0	378	QUER.RUB	0.125	762	8846
0	378	THUJ.SPP.ALL	0.091	570	4260
0	378	TSUG.CAN	0.091	433	4410
0	379	ABIE.BAL	0.111	882	4396
0	379	ACER.RUB	0.25	573	3907
0	379	ACER.SAH	0.125	562	5370
0	379	BETU.ALL	0.125	546	3946
0	379	BETU.PAP	0.167	361	2142
0	379	FAGU.GRA	0.143	744	6736
0	379	LARI.LAR	0.143	230	1710
0	379	PICE.GLA	0.1	504	5977
0	379	PICE.MAR	0.071	555	4293
0	379	PICE.RUB	0.083	1991	8170
0	379	PINU.BAN	0.167	685	5502
0	379	PINU.RES	0.143	814	6396
0	379	PINU.STR	0.167	651	5243
0	379	POPU.TRE	0.167	585	4289
0	379	QUER.RUB	0.125	814	9670
0	379	THUJ.SPP.ALL	0.091	578	4434
0	379	TSUG.CAN	0.091	456	4344
30	28	ABIE.BAL	0.091	519	2774
30	28	ACER.RUB	0.25	520	3671
30	28	ACER.SAH	0.111	643	5192
30	28	BETU.ALL	0.125	461	3588
30	28	BETU.PAP	0.143	225	1842
30	28	FAGU.GRA	0.143	725	6653
30	28	LARI.LAR	0.028	125	686
30	28	PICE.GLA	0	0	0
30	28	PICE.MAR	0	0	0
30	28	PICE.RUB	0.071	784	6802
30	28	PINU.BAN	0.143	547	4781
30	28	PINU.RES	0.143	598	5982
30	28	PINU.STR	0.143	586	4790
30	28	POPU.TRE	0.143	487	3560
30	28	QUER.RUB	0.143	902	8910
30	28	THUJ.SPP.ALL	0.083	476	3960
30	28	TSUG.CAN	0.091	392	4177
30	29	ABIE.BAL	0.091	541	3059
30	29	ACER.RUB	0.25	475	3667
30	29	ACER.SAH	0.111	620	4859
30	29	BETU.ALL	0.125	476	3580
30	29	BETU.PAP	0.167	242	1897
30	29	FAGU.GRA	0.143	670	6437
30	29	LARI.LAR	0.091	150	809
30	29	PICE.GLA	0.026	272	3141
30	29	PICE.MAR	0.026	242	2401
30	29	PICE.RUB	0.077	918	6898
30	29	PINU.BAN	0.143	503	4988
30	29	PINU.RES	0.143	587	5789
30	29	PINU.STR	0.143	568	5072
30	29	POPU.TRE	0.143	450	3708
30	29	QUER.RUB	0.143	766	8716
30	29	THUJ.SPP.ALL	0.091	408	3730
30	29	TSUG.CAN	0.091	381	4196
30	130	ABIE.BAL	0.111	868	4051
30	130	ACER.RUB	0.167	544	3717
30	130	ACER.SAH	0.125	760	5475
30	130	BETU.ALL	0.125	505	3606
30	130	BETU.PAP	0.2	292	2030
30	130	FAGU.GRA	0.125	694	6531
30	130	LARI.LAR	0.143	139	1155
30	130	PICE.GLA	0.091	503	4958
30	130	PICE.MAR	0.067	365	3956
30	130	PICE.RUB	0.083	1697	7883
30	130	PINU.BAN	0.167	544	5310
30	130	PINU.RES	0.167	686	6136
30	130	PINU.STR	0.167	581	4955
30	130	POPU.TRE	0.167	436	4023
30	130	QUER.RUB	0.125	902	9208
30	130	THUJ.SPP.ALL	0.091	385	3784
30	130	TSUG.CAN	0.091	409	4289
30	131	ABIE.BAL	0.111	1024	4286
30	131	ACER.RUB	0.167	587	3912
30	131	ACER.SAH	0.125	780	5545
30	131	BETU.ALL	0.125	581	3692
30	131	BETU.PAP	0.2	335	2099
30	131	FAGU.GRA	0.125	762	6740
30	131	LARI.LAR	0.143	185	1301
30	131	PICE.GLA	0.111	516	5768
30	131	PICE.MAR	0.067	387	4315
30	131	PICE.RUB	0.083	1603	7967
30	131	PINU.BAN	0.167	630	5416
30	131	PINU.RES	0.167	741	6187
30	131	PINU.STR	0.167	633	5211
30	131	POPU.TRE	0.167	527	4222
30	131	QUER.RUB	0.125	968	9320
30	131	THUJ.SPP.ALL	0.091	402	3934
30	131	TSUG.CAN	0.1	427	4512
30	132	ABIE.BAL	0.111	811	4542
30	132	ACER.RUB	0.167	628	3852
30	132	ACER.SAH	0.125	724	5426
30	132	BETU.ALL	0.125	570	3916
30	132	BETU.PAP	0.2	352	2145
30	132	FAGU.GRA	0.125	767	6837
30	132	LARI.LAR	0.143	243	1387
30	132	PICE.GLA	0.111	532	5688
30	132	PICE.MAR	0.067	414	4528
30	132	PICE.RUB	0.083	1430	7936
30	132	PINU.BAN	0.167	627	5420
30	132	PINU.RES	0.167	741	6329
30	132	PINU.STR	0.167	634	5122
30	132	POPU.TRE	0.167	586	4277
30	132	QUER.RUB	0.125	1124	9705
30	132	THUJ.SPP.ALL	0.091	406	3942
30	132	TSUG.CAN	0.1	445	4522
30	133	ABIE.BAL	0.111	1000	4244
30	133	ACER.RUB	0.167	604	3926
30	133	ACER.SAH	0.143	682	5338
30	133	BETU.ALL	0.125	570	3714
30	133	BETU.PAP	0.2	315	2096
30	133	FAGU.GRA	0.125	746	6421
30	133	LARI.LAR	0.143	252	1385
30	133	PICE.GLA	0.091	454	4964
30	133	PICE.MAR	0.071	380	3924
30	133	PICE.RUB	0.083	1310	7993
30	133	PINU.BAN	0.167	542	5322
30	133	PINU.RES	0.143	704	6275
30	133	PINU.STR	0.167	609	5008
30	133	POPU.TRE	0.167	457	4120
30	133	QUER.RUB	0.125	986	9862
30	133	THUJ.SPP.ALL	0.091	438	4095
30	133	TSUG.CAN	0.091	442	4389
30	134	ABIE.BAL	0.125	857	4229
30	134	ACER.RUB	0.167	552	3780
30	134	ACER.SAH	0.143	642	5336
30	134	BETU.ALL	0.125	537	3690
30	134	BETU.PAP	0.2	295	2015
30	134	FAGU.GRA	0.125	690	6792
30	134	LARI.LAR	0.143	255	1342
30	134	PICE.GLA	0.091	502	4982
30	134	PICE.MAR	0.067	394	3909
30	134	PICE.RUB	0.091	2002	8206
30	134	PINU.BAN	0.167	544	5266
30	134	PINU.RES	0.167	685	6345
30	134	PINU.STR	0.167	571	4992
30	134	POPU.TRE	0.167	481	4090
30	134	QUER.RUB	0.125	970	9110
30	134	THUJ.SPP.ALL	0.091	434	4074
30	134	TSUG.CAN	0.091	408	4411
30	135	ABIE.BAL	0.125	825	4457
30	135	ACER.RUB	0.167	606	3920
30	135	ACER.SAH	0.125	664	5308
30	135	BETU.ALL	0.125	586	3677
30	135	BETU.PAP	0.2	348	2159
30	135	FAGU.GRA	0.125	786	6921
30	135	LARI.LAR	0.167	317	1440
30	135	PICE.GLA	0.111	526	5837
30	135	PICE.MAR	0.071	435	4552
30	135	PICE.RUB	0.091	2060	8155
30	135	PINU.BAN	0.167	649	5449
30	135	PINU.RES	0.167	755	6316
30	135	PINU.STR	0.167	634	5277
30	135	POPU.TRE	0.167	578	4332
30	135	QUER.RUB	0.143	1132	9506
30	135	THUJ.SPP.ALL	0.091	456	4044
30	135	TSUG.CAN	0.1	452	4467
30	136	ABIE.BAL	0.111	683	3575
30	136	ACER.RUB	0.167	464	3605
30	136	ACER.SAH	0.125	999	3909
30	136	BETU.ALL	0.125	463	3634
30	136	BETU.PAP	0.2	268	1953
30	136	FAGU.GRA	0.125	634	6754
30	136	LARI.LAR	0.143	172	1019
30	136	PICE.GLA	0.091	567	4460
30	136	PICE.MAR	0.067	338	3395
30	136	PICE.RUB	0.083	1244	7044
30	136	PINU.BAN	0.167	505	5184
30	136	PINU.RES	0.167	630	6036
30	136	PINU.STR	0.167	529	5052
30	136	POPU.TRE	0.167	402	3874
30	136	QUER.RUB	0.125	830	8578
30	136	THUJ.SPP.ALL	0.091	401	3823
30	136	TSUG.CAN	0.091	378	4000
30	137	ABIE.BAL	0.111	754	3842
30	137	ACER.RUB	0.167	588	3837
30	137	ACER.SAH	0.125	786	5062
30	137	BETU.ALL	0.125	539	3780
30	137	BETU.PAP	0.2	311	2037
30	137	FAGU.GRA	0.125	774	6424
30	137	LARI.LAR	0.143	177	1142
30	137	PICE.GLA	0.091	480	5234
30	137	PICE.MAR	0.067	390	3601
30	137	PICE.RUB	0.083	2222	7466
30	137	PINU.BAN	0.167	592	5243
30	137	PINU.RES	0.143	719	6262
30	137	PINU.STR	0.167	622	5044
30	137	POPU.TRE	0.167	448	4157
30	137	QUER.RUB	0.125	866	9490
30	137	THUJ.SPP.ALL	0.091	450	4003
30	137	TSUG.CAN	0.091	412	4466
30	217	ABIE.BAL	0.111	982	4660
30	217	ACER.RUB	0.167	575	3783
30	217	ACER.SAH	0.125	728	5377
30	217	BETU.ALL	0.143	545	3723
30	217	BETU.PAP	0.2	338	2085
30	217	FAGU.GRA	0.125	769	6646
30	217	LARI.LAR	0.143	220	1384
30	217	PICE.GLA	0.111	524	5922
30	217	PICE.MAR	0.083	616	4770
30	217	PICE.RUB	0.091	2205	8169
30	217	PINU.BAN	0.167	670	5446
30	217	PINU.RES	0.167	770	6264
30	217	PINU.STR	0.143	661	4875
30	217	POPU.TRE	0.167	594	4258
30	217	QUER.RUB	0.111	932	9739
30	217	THUJ.SPP.ALL	0.091	386	3801
30	217	TSUG.CAN	0.091	449	4451
30	218	ABIE.BAL	0.125	690	4638
30	218	ACER.RUB	0.143	559	3797
30	218	ACER.SAH	0.125	626	5341
30	218	BETU.ALL	0.125	549	3758
30	218	BETU.PAP	0.25	326	2153
30	218	FAGU.GRA	0.111	686	6730
30	218	LARI.LAR	0.2	222	1404
30	218	PICE.GLA	0.111	527	6055
30	218	PICE.MAR	0.091	514	4996
30	218	PICE.RUB	0.1	2053	8019
30	218	PINU.BAN	0.167	660	5406
30	218	PINU.RES	0.143	738	6256
30	218	PINU.STR	0.143	613	4971
30	218	POPU.TRE	0.167	594	4282
30	218	QUER.RUB	0.125	1024	9202
30	218	THUJ.SPP.ALL	0.1	359	3862
30	218	TSUG.CAN	0.091	444	4225
30	219	ABIE.BAL	0.125	662	4809
30	219	ACER.RUB	0.143	565	3759
30	219	ACER.SAH	0.125	669	5224
30	219	BETU.ALL	0.125	544	3790
30	219	BETU.PAP	0.25	332	2110
30	219	FAGU.GRA	0.111	698	6528
30	219	LARI.LAR	0.2	280	1482
30	219	PICE.GLA	0.111	497	5982
30	219	PICE.MAR	0.091	546	5017
30	219	PICE.RUB	0.1	1341	8102
30	219	PINU.BAN	0.167	640	5474
30	219	PINU.RES	0.143	730	6211
30	219	PINU.STR	0.143	591	4918
30	219	POPU.TRE	0.167	581	4221
30	219	QUER.RUB	0.111	904	9771
30	219	THUJ.SPP.ALL	0.1	353	3739
30	219	TSUG.CAN	0.091	412	4376
30	220	ABIE.BAL	0.111	903	4528
30	220	ACER.RUB	0.167	562	3706
30	220	ACER.SAH	0.125	738	5202
30	220	BETU.ALL	0.143	514	3914
30	220	BETU.PAP	0.25	312	2086
30	220	FAGU.GRA	0.111	703	6758
30	220	LARI.LAR	0.143	236	1458
30	220	PICE.GLA	0.111	494	6057
30	220	PICE.MAR	0.083	426	4789
30	220	PICE.RUB	0.091	1422	8265
30	220	PINU.BAN	0.167	649	5483
30	220	PINU.RES	0.167	717	6432
30	220	PINU.STR	0.143	595	5124
30	220	POPU.TRE	0.167	563	4152
30	220	QUER.RUB	0.125	812	9262
30	220	THUJ.SPP.ALL	0.1	394	3768
30	220	TSUG.CAN	0.091	410	4254
30	221	ABIE.BAL	0.111	829	4581
30	221	ACER.RUB	0.167	581	3826
30	221	ACER.SAH	0.125	730	5262
30	221	BETU.ALL	0.143	567	3913
30	221	BETU.PAP	0.2	375	2108
30	221	FAGU.GRA	0.125	780	6403
30	221	LARI.LAR	0.143	256	1443
30	221	PICE.GLA	0.111	554	5980
30	221	PICE.MAR	0.083	577	4733
30	221	PICE.RUB	0.091	1402	8072
30	221	PINU.BAN	0.167	674	5514
30	221	PINU.RES	0.143	782	6342
30	221	PINU.STR	0.143	682	5075
30	221	POPU.TRE	0.167	604	4298
30	221	QUER.RUB	0.111	1080	9564
30	221	THUJ.SPP.ALL	0.091	431	3978
30	221	TSUG.CAN	0.091	455	4584
30	222	ABIE.BAL	0.143	747	4866
30	222	ACER.RUB	0.143	521	3599
30	222	ACER.SAH	0.111	590	5428
30	222	BETU.ALL	0.111	568	3792
30	222	BETU.PAP	0.25	335	2150
30	222	FAGU.GRA	0.111	663	6625
30	222	LARI.LAR	0.167	232	1547
30	222	PICE.GLA	0.111	518	6121
30	222	PICE.MAR	0.083	570	5420
30	222	PICE.RUB	0.091	1202	8184
30	222	PINU.BAN	0.167	657	5451
30	222	PINU.RES	0.125	711	6068
30	222	PINU.STR	0.125	609	4803
30	222	POPU.TRE	0.2	560	4334
30	222	QUER.RUB	0.125	1009	9480
30	222	THUJ.SPP.ALL	0.091	338	3692
30	222	TSUG.CAN	0.083	422	4226
30	223	ABIE.BAL	0.143	768	4688
30	223	ACER.RUB	0.143	512	3711
30	223	ACER.SAH	0.111	669	5522
30	223	BETU.ALL	0.111	574	3609
30	223	BETU.PAP	0.25	320	2044
30	223	FAGU.GRA	0.111	666	6284
30	223	LARI.LAR	0.167	225	1464
30	223	PICE.GLA	0.111	523	6132
30	223	PICE.MAR	0.091	613	5278
30	223	PICE.RUB	0.091	1711	8201
30	223	PINU.BAN	0.167	656	5537
30	223	PINU.RES	0.125	714	6054
30	223	PINU.STR	0.125	607	4921
30	223	POPU.TRE	0.2	606	4296
30	223	QUER.RUB	0.125	852	9424
30	223	THUJ.SPP.ALL	0.091	339	3675
30	223	TSUG.CAN	0.083	436	4372
30	378	ABIE.BAL	0.091	704	2497
30	378	ACER.RUB	0.25	491	3734
30	378	ACER.SAH	0.111	661	4148
30	378	BETU.ALL	0.125	479	3648
30	378	BETU.PAP	0.167	244	1808
30	378	FAGU.GRA	0.143	702	6466
30	378	LARI.LAR	0.091	158	729
30	378	PICE.GLA	0.026	254	3097
30	378	PICE.MAR	0	0	0
30	378	PICE.RUB	0.077	1158	6506
30	378	PINU.BAN	0.143	515	4896
30	378	PINU.RES	0.143	592	5880
30	378	PINU.STR	0.143	579	4956
30	378	POPU.TRE	0.143	531	3553
30	378	QUER.RUB	0.143	2451	7303
30	378	THUJ.SPP.ALL	0.083	494	4112
30	378	TSUG.CAN	0.091	412	4190
30	379	ABIE.BAL	0.091	566	2799
30	379	ACER.RUB	0.25	514	3667
30	379	ACER.SAH	0.111	702	4580
30	379	BETU.ALL	0.125	496	3641
30	379	BETU.PAP	0.167	244	1861
30	379	FAGU.GRA	0.143	697	6161
30	379	LARI.LAR	0.091	169	831
30	379	PICE.GLA	0.006	12	31
30	379	PICE.MAR	0	0	0
30	379	PICE.RUB	0.077	1064	6620
30	379	PINU.BAN	0.143	554	4872
30	379	PINU.RES	0.143	607	5923
30	379	PINU.STR	0.143	598	5045
30	379	POPU.TRE	0.143	553	3604
30	379	QUER.RUB	0.143	1153	8438
30	379	THUJ.SPP.ALL	0.083	503	4139
30	379	TSUG.CAN	0.091	428	4324
60	28	ABIE.BAL	0	0	0
60	28	ACER.RUB	0.167	406	3477
60	28	ACER.SAH	0.125	746	2015
60	28	BETU.ALL	0.111	313	3240
60	28	BETU.PAP	0.091	162	692
60	28	FAGU.GRA	0.125	624	6466
60	28	LARI.LAR	0	0	0
60	28	PICE.GLA	0	0	0
60	28	PICE.MAR	0	0	0
60	28	PICE.RUB	0	0	0
60	28	PINU.BAN	0.091	213	2477
60	28	PINU.RES	0.111	391	4060
60	28	PINU.STR	0.125	400	4385
60	28	POPU.TRE	0	0	0
60	28	QUER.RUB	0.143	4256	6433
60	28	THUJ.SPP.ALL	0.045	291	2645
60	28	TSUG.CAN	0.083	357	3580
60	29	ABIE.BAL	0	0	0
60	29	ACER.RUB	0.167	408	3486
60	29	ACER.SAH	0.125	1034	2182
60	29	BETU.ALL	0.111	300	3053
60	29	BETU.PAP	0.125	168	814
60	29	FAGU.GRA	0.125	592	6691
60	29	LARI.LAR	0	0	0
60	29	PICE.GLA	0	0	0
60	29	PICE.MAR	0	0	0
60	29	PICE.RUB	0.027	362	2933
60	29	PINU.BAN	0.125	277	2795
60	29	PINU.RES	0.111	478	4456
60	29	PINU.STR	0.125	412	4413
60	29	POPU.TRE	0	0	0
60	29	QUER.RUB	0.143	2008	5698
60	29	THUJ.SPP.ALL	0.059	276	2710
60	29	TSUG.CAN	0.091	399	3468
60	130	ABIE.BAL	0.01	32	85
60	130	ACER.RUB	0.25	427	3640
60	130	ACER.SAH	0.125	1530	3158
60	130	BETU.ALL	0.125	383	3333
60	130	BETU.PAP	0.143	192	1496
60	130	FAGU.GRA	0.125	618	6452
60	130	LARI.LAR	0	0	0
60	130	PICE.GLA	0	0	0
60	130	PICE.MAR	0	0	0
60	130	PICE.RUB	0.071	914	6622
60	130	PINU.BAN	0.143	453	4180
60	130	PINU.RES	0.125	600	5120
60	130	PINU.STR	0.143	463	4576
60	130	POPU.TRE	0.125	485	2650
60	130	QUER.RUB	0.167	1880	6756
60	130	THUJ.SPP.ALL	0.071	384	3212
60	130	TSUG.CAN	0.091	370	3928
60	131	ABIE.BAL	0.024	196	683
60	131	ACER.RUB	0.25	510	3688
60	131	ACER.SAH	0.111	1084	3184
60	131	BETU.ALL	0.125	395	3454
60	131	BETU.PAP	0.143	204	1630
60	131	FAGU.GRA	0.125	682	6545
60	131	LARI.LAR	0	0	0
60	131	PICE.GLA	0	0	0
60	131	PICE.MAR	0	0	0
60	131	PICE.RUB	0.071	1020	7080
60	131	PINU.BAN	0.143	529	4418
60	131	PINU.RES	0.125	606	5412
60	131	PINU.STR	0.143	520	4904
60	131	POPU.TRE	0.143	500	2966
60	131	QUER.RUB	0.167	1078	7048
60	131	THUJ.SPP.ALL	0.077	416	3323
60	131	TSUG.CAN	0.091	366	4062
60	132	ABIE.BAL	0.083	324	1487
60	132	ACER.RUB	0.25	525	3756
60	132	ACER.SAH	0.125	532	4146
60	132	BETU.ALL	0.125	440	3572
60	132	BETU.PAP	0.143	210	1681
60	132	FAGU.GRA	0.125	713	7183
60	132	LARI.LAR	0	0	0
60	132	PICE.GLA	0	0	0
60	132	PICE.MAR	0	0	0
60	132	PICE.RUB	0.071	1258	6337
60	132	PINU.BAN	0.143	542	4398
60	132	PINU.RES	0.125	598	5531
60	132	PINU.STR	0.143	544	5001
60	132	POPU.TRE	0.143	481	3021
60	132	QUER.RUB	0.167	944	8684
60	132	THUJ.SPP.ALL	0.077	404	3218
60	132	TSUG.CAN	0.091	390	4248
60	133	ABIE.BAL	0	0	0
60	133	ACER.RUB	0.25	508	3716
60	133	ACER.SAH	0.125	586	4531
60	133	BETU.ALL	0.125	425	3644
60	133	BETU.PAP	0.143	178	1466
60	133	FAGU.GRA	0.125	678	6524
60	133	LARI.LAR	0	0	0
60	133	PICE.GLA	0	0	0
60	133	PICE.MAR	0	0	0
60	133	PICE.RUB	0.067	1074	6268
60	133	PINU.BAN	0.125	478	4038
60	133	PINU.RES	0.125	652	5210
60	133	PINU.STR	0.143	474	4707
60	133	POPU.TRE	0.125	507	2610
60	133	QUER.RUB	0.143	916	7884
60	133	THUJ.SPP.ALL	0.071	433	3310
60	133	TSUG.CAN	0.091	362	4170
60	134	ABIE.BAL	0	0	0
60	134	ACER.RUB	0.25	445	3554
60	134	ACER.SAH	0.125	1349	3686
60	134	BETU.ALL	0.125	411	3507
60	134	BETU.PAP	0.143	201	1530
60	134	FAGU.GRA	0.125	628	6599
60	134	LARI.LAR	0	0	0
60	134	PICE.GLA	0	0	0
60	134	PICE.MAR	0	0	0
60	134	PICE.RUB	0.062	1211	6830
60	134	PINU.BAN	0.143	578	4275
60	134	PINU.RES	0.125	629	5161
60	134	PINU.STR	0.143	480	4777
60	134	POPU.TRE	0.125	476	2810
60	134	QUER.RUB	0.167	1326	7565
60	134	THUJ.SPP.ALL	0.077	414	3419
60	134	TSUG.CAN	0.091	332	4022
60	135	ABIE.BAL	0.083	320	1693
60	135	ACER.RUB	0.25	555	3830
60	135	ACER.SAH	0.125	535	4395
60	135	BETU.ALL	0.125	484	3648
60	135	BETU.PAP	0.143	198	1685
60	135	FAGU.GRA	0.125	739	6652
60	135	LARI.LAR	0	0	0
60	135	PICE.GLA	0	0	0
60	135	PICE.MAR	0	0	0
60	135	PICE.RUB	0.071	1207	6449
60	135	PINU.BAN	0.143	559	4501
60	135	PINU.RES	0.125	592	5620
60	135	PINU.STR	0.143	556	4814
60	135	POPU.TRE	0.143	428	3203
60	135	QUER.RUB	0.167	1027	8008
60	135	THUJ.SPP.ALL	0.077	409	3587
60	135	TSUG.CAN	0.091	380	4179
60	136	ABIE.BAL	0	0	0
60	136	ACER.RUB	0.25	363	3344
60	136	ACER.SAH	0.125	427	2111
60	136	BETU.ALL	0.125	327	3239
60	136	BETU.PAP	0.143	184	1347
60	136	FAGU.GRA	0.125	589	6292
60	136	LARI.LAR	0	0	0
60	136	PICE.GLA	0	0	0
60	136	PICE.MAR	0	0	0
60	136	PICE.RUB	0.05	562	6814
60	136	PINU.BAN	0.143	559	3986
60	136	PINU.RES	0.125	681	5038
60	136	PINU.STR	0.143	421	4563
60	136	POPU.TRE	0.125	440	2229
60	136	QUER.RUB	0.143	984	5159
60	136	THUJ.SPP.ALL	0.071	360	3091
60	136	TSUG.CAN	0.091	360	3554
60	137	ABIE.BAL	0	0	0
60	137	ACER.RUB	0.25	418	3572
60	137	ACER.SAH	0.125	789	2638
60	137	BETU.ALL	0.125	366	3379
60	137	BETU.PAP	0.143	194	1417
60	137	FAGU.GRA	0.125	678	6491
60	137	LARI.LAR	0	0	0
60	137	PICE.GLA	0	0	0
60	137	PICE.MAR	0	0	0
60	137	PICE.RUB	0.067	547	6137
60	137	PINU.BAN	0.143	543	4056
60	137	PINU.RES	0.125	671	5028
60	137	PINU.STR	0.143	478	4634
60	137	POPU.TRE	0.125	482	2454
60	137	QUER.RUB	0.111	596	5615
60	137	THUJ.SPP.ALL	0.071	424	3452
60	137	TSUG.CAN	0.091	369	3720
60	217	ABIE.BAL	0.091	452	2084
60	217	ACER.RUB	0.25	515	3772
60	217	ACER.SAH	0.125	644	4202
60	217	BETU.ALL	0.125	463	3501
60	217	BETU.PAP	0.143	206	1755
60	217	FAGU.GRA	0.143	715	6552
60	217	LARI.LAR	0.111	44	316
60	217	PICE.GLA	0	0	0
60	217	PICE.MAR	0	0	0
60	217	PICE.RUB	0.077	1120	6440
60	217	PINU.BAN	0.143	491	4661
60	217	PINU.RES	0.143	573	5806
60	217	PINU.STR	0.143	562	4967
60	217	POPU.TRE	0.143	467	3387
60	217	QUER.RUB	0.167	857	8582
60	217	THUJ.SPP.ALL	0.083	405	3381
60	217	TSUG.CAN	0.091	416	4088
60	218	ABIE.BAL	0.111	615	3013
60	218	ACER.RUB	0.25	489	3675
60	218	ACER.SAH	0.125	593	4132
60	218	BETU.ALL	0.125	462	3518
60	218	BETU.PAP	0.167	219	1828
60	218	FAGU.GRA	0.143	658	6592
60	218	LARI.LAR	0.143	79	598
60	218	PICE.GLA	0.071	288	3583
60	218	PICE.MAR	0.024	262	2308
60	218	PICE.RUB	0.091	1406	6944
60	218	PINU.BAN	0.143	462	4910
60	218	PINU.RES	0.143	567	5938
60	218	PINU.STR	0.143	562	4911
60	218	POPU.TRE	0.143	418	3562
60	218	QUER.RUB	0.167	803	8084
60	218	THUJ.SPP.ALL	0.091	379	3551
60	218	TSUG.CAN	0.091	373	4216
60	219	ABIE.BAL	0.111	583	3180
60	219	ACER.RUB	0.25	482	3687
60	219	ACER.SAH	0.125	599	4561
60	219	BETU.ALL	0.125	476	3466
60	219	BETU.PAP	0.167	242	1828
60	219	FAGU.GRA	0.143	641	6664
60	219	LARI.LAR	0.143	85	695
60	219	PICE.GLA	0.083	296	3471
60	219	PICE.MAR	0.03	299	2582
60	219	PICE.RUB	0.091	1487	7035
60	219	PINU.BAN	0.143	457	4900
60	219	PINU.RES	0.143	630	5628
60	219	PINU.STR	0.143	540	4939
60	219	POPU.TRE	0.143	417	3646
60	219	QUER.RUB	0.167	762	9127
60	219	THUJ.SPP.ALL	0.091	375	3544
60	219	TSUG.CAN	0.091	388	4113
60	220	ABIE.BAL	0.111	583	2728
60	220	ACER.RUB	0.25	485	3616
60	220	ACER.SAH	0.125	626	4425
60	220	BETU.ALL	0.125	432	3528
60	220	BETU.PAP	0.167	216	1853
60	220	FAGU.GRA	0.143	627	6426
60	220	LARI.LAR	0.125	64	471
60	220	PICE.GLA	0.024	249	2501
60	220	PICE.MAR	0	0	0
60	220	PICE.RUB	0.091	1164	6745
60	220	PINU.BAN	0.143	455	4891
60	220	PINU.RES	0.143	561	5784
60	220	PINU.STR	0.143	531	4605
60	220	POPU.TRE	0.143	444	3478
60	220	QUER.RUB	0.167	1065	7701
60	220	THUJ.SPP.ALL	0.091	408	3514
60	220	TSUG.CAN	0.091	377	4130
60	221	ABIE.BAL	0.091	420	1914
60	221	ACER.RUB	0.25	473	3728
60	221	ACER.SAH	0.125	749	3674
60	221	BETU.ALL	0.125	467	3510
60	221	BETU.PAP	0.143	239	1772
60	221	FAGU.GRA	0.143	720	6643
60	221	LARI.LAR	0.111	36	306
60	221	PICE.GLA	0	0	0
60	221	PICE.MAR	0	0	0
60	221	PICE.RUB	0.077	1042	6854
60	221	PINU.BAN	0.143	522	4703
60	221	PINU.RES	0.143	575	5645
60	221	PINU.STR	0.143	575	4980
60	221	POPU.TRE	0.143	429	3300
60	221	QUER.RUB	0.167	1655	7226
60	221	THUJ.SPP.ALL	0.083	409	3509
60	221	TSUG.CAN	0.091	402	4174
60	222	ABIE.BAL	0.125	1074	3995
60	222	ACER.RUB	0.25	508	3659
60	222	ACER.SAH	0.143	694	5124
60	222	BETU.ALL	0.125	485	3600
60	222	BETU.PAP	0.167	282	2010
60	222	FAGU.GRA	0.143	639	6632
60	222	LARI.LAR	0.143	110	1027
60	222	PICE.GLA	0.1	523	4438
60	222	PICE.MAR	0.067	370	3615
60	222	PICE.RUB	0.091	2086	7215
60	222	PINU.BAN	0.167	442	5121
60	222	PINU.RES	0.143	625	5904
60	222	PINU.STR	0.143	555	4728
60	222	POPU.TRE	0.167	408	3945
60	222	QUER.RUB	0.143	923	9770
60	222	THUJ.SPP.ALL	0.091	358	3630
60	222	TSUG.CAN	0.091	413	4324
60	223	ABIE.BAL	0.125	783	3909
60	223	ACER.RUB	0.25	479	3592
60	223	ACER.SAH	0.143	782	4716
60	223	BETU.ALL	0.125	464	3532
60	223	BETU.PAP	0.167	263	1928
60	223	FAGU.GRA	0.143	644	6551
60	223	LARI.LAR	0.143	132	955
60	223	PICE.GLA	0.1	515	4443
60	223	PICE.MAR	0.067	384	3577
60	223	PICE.RUB	0.091	1455	7786
60	223	PINU.BAN	0.167	438	5076
60	223	PINU.RES	0.143	629	5928
60	223	PINU.STR	0.143	558	4923
60	223	POPU.TRE	0.167	396	3962
60	223	QUER.RUB	0.143	826	8811
60	223	THUJ.SPP.ALL	0.091	359	3568
60	223	TSUG.CAN	0.091	406	4256
60	378	ABIE.BAL	0	0	0
60	378	ACER.RUB	0.167	312	3375
60	378	ACER.SAH	0.062	316	1936
60	378	BETU.ALL	0.111	258	3292
60	378	BETU.PAP	0.125	124	722
60	378	FAGU.GRA	0.125	572	6544
60	378	LARI.LAR	0	0	0
60	378	PICE.GLA	0	0	0
60	378	PICE.MAR	0	0	0
60	378	PICE.RUB	0.014	14	102
60	378	PINU.BAN	0.125	192	2458
60	378	PINU.RES	0.111	388	4274
60	378	PINU.STR	0.125	410	4495
60	378	POPU.TRE	0	0	0
60	378	QUER.RUB	0.111	683	5123
60	378	THUJ.SPP.ALL	0.053	265	2784
60	378	TSUG.CAN	0.091	342	3232
60	379	ABIE.BAL	0	0	0
60	379	ACER.RUB	0.167	392	3410
60	379	ACER.SAH	0.111	510	2182
60	379	BETU.ALL	0.111	286	3350
60	379	BETU.PAP	0.125	132	717
60	379	FAGU.GRA	0.125	623	6343
60	379	LARI.LAR	0	0	0
60	379	PICE.GLA	0	0	0
60	379	PICE.MAR	0	0	0
60	379	PICE.RUB	0	0	0
60	379	PINU.BAN	0.1	237	2580
60	379	PINU.RES	0.111	369	4234
60	379	PINU.STR	0.125	418	4476
60	379	POPU.TRE	0	0	0
60	379	QUER.RUB	0.111	1493	5040
60	379	THUJ.SPP.ALL	0.053	279	2835
60	379	TSUG.CAN	0.091	408	3366


